1005006113807149
1005007888454539
1005006717589144
1005004535224711
1005006707946473
1005004910098896
1005009593292080
33002418514
1764778866415
1764778873338
1005006579021127
1005008398155944
1005007520331577
1005005045543230
1005006904705176
1005008636852963
1005005805330072
1005008255996253
1005007462755309
1005005996407294
6000281633612
1005005374859902
1764780752280
1764780760369
1005008804332325
1005007108935642
1005006926453576
1005006738087409
1005005605683958
1005004983971167
1005006678197180
1005007039588697
1005005785774950
1005008255540480
1005008918373612
1005008868989146
1764782307469
1764782314410
1005006419416551
1005007174700432
1005007468512365
1005006993413705
1005008387115947
1005001266740426
1005006647209196
1005008350366527
1005005588019775
1005005237754720
1005007914471973
1005006861723706
1764783852151
1764783859762
1005008464008534
1005008643697879
1005005029256659
1005006866004345
3256807159169254
3256809838042149
3256810030494223
3256807728157221
3256808732058860
3256809406977328
2251832816103762
3256806341376063
3256808298226390
3256805446061312
3256809458030441
6000288148091
3256809228364628
3256805839257960
3256807619216042
3256810058823190
3256806943327283
3256806675408954
3256808682674394
3256805188545150
3256810084253000
3256807166251888
3256807406973217
3256810030044855
3256808108578748
3256808111486105
3256807764378005
1005008202739476
1764789279656
1764789287574
1005006808617696
3256806796198185
6000314659700
3256806824235585
3256807613453126
1764790687050
1764790693966
3256807926776392
3256808243664742
3256810120070975
3256807734238546
3256808286968361
3256806541327982
3256808646445392
3256807619397475
3256802450324171
3256808243602718
1764793157812
38122155503
1005008113091144
1005008429979494
1005006982512937
1005009644345193
1005007345484006
1005010024356901
1005010216808975
1005010088923838
1005007272208216
1005008554073943
1005010024301539
6000290655162
1005006388837801
1005007539756846
1005007419668682
1005006365305609
1005007038022940
1005005981630254
1005007573990689
1005006720295762
1005008294893500
1005006861084222
1005006174205414
1005005534525886
1005009460440917
1005008406433265
1005007689455499
1005005579186956
1005007054431175
1005005472256209
1005010306385727
1005007010550337
1005008297800857
1005007950692757
1005007805530794
1005010245137942
1005007129642035
1005010216359607
1005007799767878
1005009347995093
1005007498493941
1005009460436902
1005009615196456
1005007593287969
1005007920553298
1005008473283113
1005006727642734
1005008832760144
1005007805712227
1005002636638923
1005008429917470
1764800199543
1764800205893
1764801750901
33546674652
1005006966294627
1005009703184870
1005006187201138
1764803561787
1764803569874
1764804075605
3256807689816454
3256809161680341
3256807312179189
3256809274122150
3256809428881704
3256809837986787
3256809902609086
3256807085893464
3256808367759191
3256806202523049
3256808016424724
3256807353442094
3256807233353930
3256806178990857
3256806851708188
3256805795315502
3256807387675937
3256806533981010
3256806674769470
3256805987890662
3256807370614992
2251832844654122
3256805348211134
3256809274126165
3256805285941457
6000308640283
1764808691766
1764808695163
1005006527690815
1005007556929744
33030968874
1005007876131206
1005010270567752
1005007352566640